30,1
30,3
0,273
0,270
10,94
10,72
10,90
10,180
10,224
10,174
10,166
10,2
10,3
9,7
9,6
9,1
9,4
8,13
8,6
8,11
8,17
8,2
43,3
43,1
38,3
38,1
34,3
34,1
20,2
20,3
20,1
17,3
17,2
17,1
16,3
16,2
16,1
19,2
15,3
19,1
15,2
19,3
15,1
14,2
13,2
12,3
12,2
12,1
11,29
11,28
11,27
11,26
11,25
11,24
11,23
11,22
11,21
11,20
11,19
11,18
11,17
11,16
11,15
11,14
11,13
11,11
11,10
11,9
11,7
11,6
11,5
11,4
11,3
11,2
11,1
10,311
10,310
10,295
10,293
10,292
10,286
10,281
10,280
10,269
10,267
10,261
10,259
10,245
10,239
10,238
10,234
10,231
10,229
10,225
18,1
10,221
18,3
10,218
10,217
10,210
14,1
10,209
